0
2
5
8
0
0
7
15
0
18
0
21
0
23
0
0
28
34
36
0
0
0
0
40
0
0
0
0
0
42
45
0
48
50
0
0
54
0
30
0
0
56
0
0
0
57
0
59
0
0
0
0
0
0
62
65
0
0
0
0
0
0
0
0
0
0
0
0
67
0
69
0
0
0
0
71
0
0
0
75
77
79
0
0
0
0
82
0
84
0
0
86
88
90
0
0
0
92
94
0
0
96
98
101
103
0
107
0
111
0
27
0
118
100
0
0
0
0
0
128
130
132
0
0
0
0
4
0
135
0
81
29
0
137
141
142
145
0
150
152
153
156
0
0
0
0
0
0
0
83
0
114
115
0
0
0
0
0
157
160
162
164
0
0
166
0
136
14
68
0
0
168
0
0
170
172
0
16
175
177
0
0
0
179
180
0
183
64
0
0
187
0
189
0
191
193
0
0
195
0
0
0
0
196
0
0
0
0
198
199
0
102
110
53
0
0
213
0
0
0
0
218
224
227
0
230
232
0
208
197
234
0
123
0
0
0
0
236
0
0
0
237
0
238
240
0
19
0
0
0
247
249
117
252
0
253
0
255
0
210
0
0
0
0
0
0
258
0
261
262
0
147
9
0
0
0
0
235
0
266
268
0
271
273
0
178
264
275
0
165
99
279
0
0
0
282
109
0
0
95
0
0
286
0
0
0
288
291
0
0
0
293
294
87
0
297
0
0
0
201
300
0
0
0
0
0
108
0
0
0
0
0
302
0
0
0
0
304
0
0
306
155
13
308
0
242
158
270
0
310
0
0
0
0
0
311
0
0
313
0
315
317
0
0
0
287
20
278
182
0
280
0
0
0
169
322
225
325
80
222
126
326
0
0
0
329
0
0
0
330
0
0
0
331
0
0
0
61
124
161
332
0
334
0
0
0
316
51
0
339
200
340
0
0
342
0
0
0
344
0
0
38
217
0
343
0
0
125
17
348
0
319
0
274
0
154
174
0
263
0
335
350
131
0
352
0
129
0
207
353
0
241
0
0
354
0
0
0
277
0
0
0
0
219
356
0
0
0
149
0
0
357
0
151
360
0
362
363
39
0
366
0
367
0
97
116
370
0
372
0
375
173
0
0
66
0
0
0
0
146
0
0
377
374
119
338
260
0
223
0
0
0
0
0
0
0
0
0
133
349
73
380
105
276
24
0
0
0
0
0
0
0
0
0
0
387
0
0
60
320
388
74
0
44
0
0
0
0
0
0
31
0
245
346
0
0
0
0
0
0
392
0
6
394
0
0
368
0
0
0
396
0
0
323
122
307
0
0
0
0
3
333
397
399
0
138
296
0
0
0
0
0
0
389
381
401
403
0
11
272
327
250
298
0
0
0
0
49
0
405
407
365
190
0
382
37
0
0
22
0
26
410
0
0
0
0
0
393
0
301
355
0
246
411
324
0
0
0
412
413
383
214
414
284
0
63
41
112
259
0
254
398
93
0
0
416
0
148
0
267
265
292
91
0
0
0
78
10
0
0
159
0
257
419
0
0
0
0
0
251
0
0
289
47
139
376
341
0
0
0
305
0
0
0
0
0
0
0
0
0
134
0
0
0
0
384
120
0
0
402
312
228
0
194
423
0
0
0
76
55
0
0
0
185
140
303
0
0
0
0
0
0
0
0
0
0
0
0
290
337
0
0
0
244
0
364
0
1
425
0
0
0
0
0
0
0
314
0
408
427
295
0
0
127
0
52
33
0
0
0
0
106
0
32
430
0
171
418
206
0
0
0
0
0
0
0
0
221
426
0
0
0
432
395
431
0
0
0
433
243
421
0
0
435
233
359
248
0
0
0
390
0
0
113
0
436
428
285
0
0
0
239
0
281
0
0
0
229
358
0
385
0
369
321
211
420
0
0
0
386
215
0
437
0
0
415
309
299
417
0
0
347
373
0
176
0
0
0
439
0
188
318
0
0
0
58
25
0
0
0
12
0
0
0
0
0
256
0
0
209
0
0
192
0
0
0
0
144
422
0
0
361
0
0
143
434
0
0
441
104
70
0
0
379
202
440
0
43
0
0
0
0
336
0
181
0
345
0
216
0
0
0
0
0
46
0
371
204
0
378
429
0
406
72
0
0
203
0
0
0
0
0
283
0
0
0
0
391
0
0
226
35
0
438
424
85
205
404
163
0
0
351
0
0
0
0
0
0
0
0
0
0
167
0
89
0
220
443
0
0
269
0
121
0
442
212
0
0
231
400
0
409
0
0
0
0
0
184
328
186
