0
94
106
24
221
25
264
95
275
344
347
348
276
357
358
359
26
360
367
369
27
374
23
386
414
1
28
2
441
222
29
115
30
225
384
96
3
385
388
389
392
393
394
395
396
397
226
31
398
399
400
4
32
97
408
409
410
412
107
413
415
416
417
418
428
448
431
277
419
497
33
420
424
421
422
34
425
436
426
429
430
35
432
433
108
434
427
435
109
36
278
438
440
437
439
623
442
443
446
223
447
452
5
453
455
456
458
462
466
444
445
449
450
451
457
459
460
464
465
526
467
37
469
470
98
116
471
472
117
473
474
475
476
99
477
478
479
227
480
481
100
482
228
101
6
110
38
483
484
485
486
487
488
489
490
111
673
491
503
112
113
546
118
492
493
496
114
498
499
7
500
501
502
8
119
504
506
507
508
510
515
39
610
505
512
509
511
513
514
516
517
518
519
279
520
521
522
523
524
525
660
0
0
9
527
120
528
713
121
529
530
531
40
532
41
122
123
280
538
102
539
540
541
124
542
544
545
533
563
534
103
535
536
42
537
543
576
125
594
43
547
548
44
549
45
126
127
550
46
551
552
553
555
556
557
558
559
10
47
128
562
560
561
48
49
564
565
129
11
566
567
568
130
569
571
572
570
573
574
575
131
50
12
132
51
577
133
585
52
579
53
581
54
375
582
281
494
583
584
134
586
135
580
361
55
590
349
56
591
593
595
588
589
592
282
596
283
597
598
599
284
57
600
104
601
602
603
604
468
985
13
14
285
605
607
608
606
58
609
59
136
137
60
611
612
613
615
350
614
61
15
286
62
616
617
618
63
138
64
620
621
624
625
619
622
988
229
139
140
141
626
142
627
143
628
629
630
631
632
144
461
633
145
146
65
634
635
636
637
651
638
639
66
640
354
641
387
147
67
642
643
362
644
148
68
287
645
149
150
151
647
152
648
649
650
69
153
652
653
654
701
658
154
656
657
659
655
661
662
663
664
665
666
667
668
669
670
288
671
672
887
0
678
674
351
675
676
677
0
70
679
680
681
682
683
757
684
685
686
687
688
689
230
690
693
692
691
71
407
694
265
695
696
698
699
700
224
697
0
0
0
702
0
0
703
704
155
705
706
707
708
709
710
72
711
714
715
73
716
712
717
718
719
720
721
722
723
266
74
724
725
726
156
727
157
16
728
729
730
731
732
733
734
289
735
736
737
158
738
17
740
739
18
741
19
231
742
159
20
743
75
745
747
744
746
748
749
750
76
370
751
21
752
105
232
290
160
753
22
754
161
755
756
162
163
646
164
758
759
233
234
760
267
235
236
237
761
376
762
764
238
239
765
779
766
767
768
165
291
77
763
292
769
770
78
771
773
774
775
772
166
240
241
79
776
777
345
80
167
778
81
168
780
371
781
82
242
83
782
243
783
984
244
402
784
293
463
245
785
786
787
169
788
789
170
790
84
346
986
791
171
792
793
172
294
85
295
794
795
296
796
797
798
403
246
799
173
800
247
801
802
297
86
803
248
804
805
806
807
174
808
809
175
811
812
828
355
810
87
176
377
271
298
813
272
273
249
274
814
816
817
815
818
88
819
820
250
177
299
300
301
178
821
822
823
378
824
302
825
826
827
829
830
251
179
833
834
835
836
404
837
831
905
832
180
181
838
303
368
405
839
352
182
840
841
842
183
304
843
305
252
844
845
253
846
847
184
848
849
850
254
853
851
185
852
255
390
854
306
186
554
307
855
857
856
858
308
309
310
311
401
859
860
861
256
862
863
864
312
989
865
868
313
866
867
379
89
314
869
363
870
187
90
871
257
872
258
873
874
188
973
315
875
259
876
877
260
878
879
189
261
880
190
881
316
882
883
884
885
886
91
191
364
192
888
987
889
890
578
193
891
194
195
317
892
893
894
895
196
896
898
899
900
268
901
902
903
197
897
904
907
906
411
318
423
908
198
920
319
320
199
321
262
909
322
323
324
910
325
326
327
495
911
912
913
914
200
328
915
329
92
201
916
918
202
919
917
203
587
330
921
922
204
205
923
356
331
924
263
206
207
925
365
269
208
926
332
927
929
928
333
930
209
931
210
93
211
932
933
334
335
935
936
937
938
934
336
212
939
945
983
940
337
941
213
942
943
338
944
406
946
214
382
391
947
215
948
949
372
380
339
216
950
340
217
951
383
373
952
953
954
218
366
955
956
957
958
270
959
961
960
353
219
962
963
964
341
220
965
966
968
969
967
0
970
971
972
454
342
381
975
976
343
977
978
979
974
980
981
982
